% The configuration for which Baxter's IK solver does not provide valid solution  
ee_pose = [0.318511359918000   0.938713600724000  -0.131780940106000   0.31491;
	  -0.017838452044000  -0.133060167240000  -0.990946515772000   0.13584;
	  -0.947750615926000   0.317977960412000  -0.025635356058000   0.40942];

sol_1 = [-1.3513, -1.2934, 1.2639, 2.5363, -0.8729, 2.0894, -3.0188];  Angle phi = 1.8912;
sol_2 = [-1.3012, -1.3452, 1.2012, 2.5454, -0.8723, 2.0474, -3.0539];  Angle phi = 1.8341;
sol_3 = [-1.2512, -1.3837, 1.1400, 2.5543, -0.8707, 2.0150, -3.0790];  Angle phi = 1.7907;
sol_4 = [-1.2011, -1.4135, 1.0795, 2.5630, -0.8719, 1.9888, -3.0989];  Angle phi = 1.7563;
sol_5 = [-1.1511, -1.4372, 1.0194, 2.5714, -0.8732, 1.9670, -3.1145];  Angle phi = 1.7284;
sol_6 = [-1.1010, -1.4564, 0.9593, 2.5795, -0.8782, 1.9483, -3.1281];  Angle phi = 1.7053;
sol_7 = [-1.0510, -1.4722, 0.8992, 2.5873, -0.8825, 1.9321, -3.1388];  Angle phi = 1.6858;
sol_8 = [-1.0009, -1.4853, 0.8388, 2.5947, -0.8881, 1.9177, 3.1351];  Angle phi = 1.6691;
sol_9 = [-0.9509, -1.4963, 0.7780, 2.6017, -0.8932, 1.9048, 3.1275];  Angle phi = 1.6547;
sol_10 = [-0.9008, -1.5056, 0.7170, 2.6083, -0.9016, 1.8931, 3.1202];  Angle phi = 1.6421;
sol_11 = [-0.8508, -1.5134, 0.6556, 2.6143, -0.9082, 1.8823, 3.1145];  Angle phi = 1.6311;
sol_12 = [0.2002, -1.5023, -0.6729, 2.6115, -1.1414, 1.7121, 3.0158];  Angle phi = 1.4819;
sol_13 = [0.2502, -1.4925, -0.7345, 2.6050, -1.1464, 1.7001, 3.0090];  Angle phi = 1.4689;
sol_14 = [0.3003, -1.4808, -0.7957, 2.5982, -1.1527, 1.6866, 3.0012];  Angle phi = 1.4538;
sol_15 = [0.3503, -1.4667, -0.8567, 2.5908, -1.1547, 1.6713, 2.9929];  Angle phi = 1.4363;
sol_16 = [0.4004, -1.4498, -0.9175, 2.5831, -1.1579, 1.6535, 2.9834];  Angle phi = 1.4156;
sol_17 = [0.5005, -1.4034, -1.0392, 2.5663, -1.1531, 1.6077, 2.9601];  Angle phi = 1.3611;
sol_18 = [0.5505, -1.3708, -1.1006, 2.5574, -1.1447, 1.5769, 2.9449];  Angle phi = 1.3240;
sol_19 = [0.6006, -1.3281, -1.1631, 2.5480, -1.1314, 1.5378, 2.9256];  Angle phi = 1.2764;
sol_20 = [0.6506, -1.2697, -1.2928, 2.5607, 1.9771, -1.4434, -0.2371]; Angle phi = 1.2257;
sol_21 = [0.7007, -1.1844, -1.2959, 2.5279, -1.0741, 1.4124, 2.8606];  Angle phi = 1.1212;

