% The configuration for which Baxter's IK solver does not provide valid solution  
ee_pose = [0.485028415000000   0.413720412000000  -0.770406978000000   0.33725
	  -0.800688108000000  -0.144019136800000  -0.581405846000000   -0.023902
	  -0.351553758000000   0.898871306000000   0.261457638200000   0.64606];

sol_1 = [-1.6516, 0.4440, 2.4122, 1.9466, 1.2041, 1.9719, 1.1220];  Angle phi = 4.1694;
sol_2 = [-1.6015, 0.4869, 2.4745, 1.9523, 1.1700, 1.9158, 1.1447];  Angle phi = 4.2325;
sol_3 = [-1.3513, 0.6257, 2.7794, 1.9737, 1.0266, 1.6863, 1.2582];  Angle phi = 4.4869;
sol_4 = [-1.2512, 0.6540, 2.8998, 1.9784, 0.9760, 1.6103, 1.3051];  Angle phi = 4.5712;
