% The configuration for which Baxter's IK solver does not provide valid solution  
ee_pose = [0.306782714364000   0.633880572432000   0.709985207856000   0.28446;
	   0.035830464816000   0.737735577950000  -0.674138039038000   0.39180;
	   -0.951104491248000   0.232252745474000   0.203612378270000  0.44398];

sol_1 = [-1.7016, -1.9518, 2.4784, 2.3066, -0.8935, 1.9654, 2.8135]; Angle phi = 1.3465;
sol_2 = [-1.6516, -1.9611, 2.4332, 2.3129, -0.8811, 1.9544, 2.8057]; Angle phi = 1.3264;
sol_3 = [-1.6015, -1.9716, 2.3876, 2.3195, -0.8680, 1.9426, 2.7974]; Angle phi = 1.3053;
sol_4 = [-1.5515, -1.9838, 2.3418, 2.3264, -0.8551, 1.9298, 2.7879]; Angle phi = 1.2829;
sol_5 = [-1.5014, -1.9978, 2.2955, 2.3337, -0.8411, 1.9158, 2.7775]; Angle phi = 1.2590;
sol_6 = [-1.4514, -2.0140, 2.2487, 2.3412, -0.8270, 1.9004, 2.7655]; Angle phi = 1.2331;
sol_7 = [-1.3513, -2.0555, 2.1533, 2.3571, -0.7982, 1.8640, 2.7352]; Angle phi = 1.1731;
sol_8 = [-1.3012, -2.0825, 2.1045, 2.3654, -0.7827, 1.8421, 2.7157]; Angle phi = 1.1373;
sol_9 = [-0.3503, 1.0007, 1.8486, 2.5510, 0.8066, 2.0303, 0.1273]; Angle phi = 4.1823;
sol_10 = [1.3513, -1.3458, -0.8465, 2.6114, -1.1390, 1.7965, 2.9581]; Angle phi = 1.3867;
sol_11 = [1.4013, -1.3214, -0.9079, 2.6037, -1.1392, 1.7705, 2.9446]; Angle phi = 1.3584;
sol_12 = [1.4514, -1.2916, -0.9693, 2.5955, -1.1360, 1.7402, 2.9293]; Angle phi = 1.3247;
sol_13 = [1.5014, -1.2547, -1.0308, 2.5870, -1.1312, 1.7040, 2.9109]; Angle phi = 1.2838;
sol_14 = [1.6015, -1.1479, -1.2233, 2.5914, 1.9834, -1.5627, -0.2755]; Angle phi = 1.1815;
sol_15 = [1.6516, -1.0664, -1.2210, 2.5587, -1.0736, 1.5329, 2.8228]; Angle phi = 1.0817;


